Kuressaare  (1264,1490)  (1312,1480)  (1276,1405)
Stockholm  (852,1182)  (806,1227)  (806,1181)  (852,1136)  (898,1136)  (898,1182)  (924,1228)  (760,1247)  (760,1201)  (837,1310)  (791,1316)  (888,1329)  (927,1277)  (944,1161)  (805,1134)
Malmo  (528,1642)  (482,1624)  (543,1688)  (497,1688)  (528,1596)  (574,1603)  (512,1550)  (620,1620)  (504,1504)  (666,1629)
Hannover  (86,2281)  (40,2326)  (40,2280)  (131,2327)  (86,2235)  (132,2235)  (132,2281)  (38,2234)  (85,2372)  (39,2372)  (177,2327)  (177,2373)  (131,2373)  (84,2189)  (130,2189)  (178,2208)  (178,2254)  (0,2188)  (85,2418)  (39,2418)  (223,2300)  (176,2419)  (46,2143)  (92,2143)  (224,2208)  (224,2254)  (0,2142)  (130,2464)  (84,2464)  (38,2464)  (46,2097)  (92,2097)  (270,2208)  (270,2254)  (0,2096)  (167,2510)  (121,2510)  (75,2510)  (29,2510)
Pskov  (1816,1618)  (1770,1663)  (1770,1617)  (1861,1664)  (1816,1572)  (1862,1572)  (1862,1618)  (1768,1571)  (1815,1709)  (1769,1709)  (1724,1663)  (1724,1617)  (1907,1664)  (1907,1710)  (1861,1710)  (1723,1710)  (1814,1526)  (1860,1526)  (1906,1526)  (1908,1572)  (1908,1618)  (1722,1571)  (1722,1525)  (1768,1525)  (1952,1482)  (1815,1755)  (1678,1664)  (1678,1618)  (1953,1664)  (1954,1528)  (1954,1574)  (1676,1572)  (1998,1454)  (1999,1620)  (2000,1500)  (2000,1546)
Gulf of Gdansk  (1043,1820)  (997,1865)  (997,1819)  (1088,1866)  (1043,1774)  (1089,1774)  (1089,1820)  (995,1773)  (1042,1911)  (996,1911)  (1134,1866)  (1134,1912)  (1088,1912)  (1041,1728)  (1135,1768)  (1135,1814)  (958,1727)  (1042,1957)  (996,1957)  (1180,1860)  (1102,1958)  (1181,1793)  (1102,2004)
Goteborg  (639,1347)  (673,1393)  (627,1393)  (604,1301)  (650,1301)  (685,1347)  (647,1439)  (601,1439)  (602,1255)  (648,1255)  (621,1485)  (596,1209)  (642,1209)  (688,1204)
Segezja  (1863,707)  (1817,752)  (1817,706)  (1908,753)  (1863,661)  (1909,661)  (1909,707)  (1815,660)  (1862,798)  (1816,798)  (1771,723)  (1954,753)  (1954,799)  (1908,799)  (1861,615)  (1907,615)  (1955,635)  (1955,681)  (1769,677)  (1769,631)  (1815,614)  (1740,585)  (1815,844)  (2000,727)  (2000,773)  (1974,845)  (1861,569)  (1907,569)  (2001,649)  (1723,652)  (1786,568)  (1694,606)
Southern Gulf of Bothnia  (1072,1084)  (1026,1129)  (1026,1083)  (1117,1130)  (1072,1038)  (1118,1038)  (1118,1084)  (1024,1037)  (1010,1175)  (980,1108)  (1163,1130)  (1163,1176)  (1070,992)  (1116,992)  (1162,992)  (1164,1038)  (1164,1084)  (978,1062)  (978,1016)  (1024,991)  (970,970)  (1070,946)  (1116,946)  (1162,946)  (1016,945)  (1062,900)  (1108,900)  (992,899)  (1038,854)
Trondheim  (529,782)  (483,827)  (483,781)  (574,828)  (529,736)  (575,736)  (575,782)  (481,735)  (528,873)  (482,873)  (608,874)  (552,690)  (598,690)  (621,736)  (435,747)  (435,701)  (481,689)  (644,667)  (401,655)  (562,919)  (516,919)  (656,621)  (690,667)  (702,609)  (551,605)  (690,563)  (736,563)  (597,560)
Narva  (1737,1394)  (1691,1439)  (1691,1393)  (1760,1440)  (1737,1348)  (1783,1348)  (1783,1394)  (1690,1347)  (1645,1481)  (1645,1435)  (1644,1389)  (1829,1353)  (1829,1399)  (1875,1363)  (1875,1409)  (1921,1372)  (1967,1379)
Gavle  (874,912)  (828,957)  (828,911)  (884,958)  (874,866)  (920,866)  (920,912)  (838,1003)  (884,1004)  (846,820)  (892,820)  (838,1049)  (886,1050)
Kalmarsund  (757,1809)  (711,1854)  (711,1808)  (802,1855)  (757,1763)  (803,1763)  (803,1809)  (709,1762)  (756,1900)  (848,1855)  (848,1901)  (802,1901)  (793,1717)  (839,1717)  (849,1763)  (849,1809)  (666,1716)  (712,1716)  (885,1681)  (894,1855)  (894,1901)  (894,1947)  (808,1671)  (895,1727)  (895,1773)  (854,1635)
Mariehamn  (1052,1219)  (1099,1194)  (1098,1242)
Bremen  (0,1946)  (46,1946)  (0,1992)  (48,1994)  (95,1996)  (2,2042)  (51,2045)  (104,2043)
Arkhangelsk  (2291,756)  (2245,801)  (2245,755)  (2336,802)  (2291,710)  (2337,710)  (2337,756)  (2243,709)  (2290,847)  (2244,847)  (2199,801)  (2199,755)  (2382,802)  (2382,848)  (2336,848)  (2198,848)  (2289,664)  (2335,664)  (2381,664)  (2383,710)  (2383,756)  (2197,709)  (2197,663)  (2243,663)  (2427,620)  (2290,893)  (2244,893)  (2153,802)  (2153,756)  (2428,802)  (2428,848)  (2428,894)  (2382,894)  (2336,894)  (2198,894)  (2152,894)  (2152,848)  (2289,618)  (2335,618)  (2381,618)  (2429,666)  (2429,712)  (2151,710)  (2151,664)  (2151,618)  (2197,617)  (2243,617)  (2427,574)  (2473,574)  (2473,620)  (2107,802)  (2107,756)  (2474,758)  (2474,804)  (2474,850)  (2474,896)  (2106,919)  (2106,873)  (2146,572)  (2346,572)  (2475,666)  (2475,712)  (2105,710)  (2073,558)  (2392,528)  (2438,528)  (2484,528)  (2061,827)  (2061,781)  (2060,887)  (2315,526)  (2269,502)  (2361,482)  (2407,482)  (2453,482)  (2499,482)  (2315,480)  (2223,468)  (2269,456)  (2361,436)  (2407,436)  (2453,436)  (2499,436)  (2315,434)  (2177,427)  (2223,422)  (2269,410)  (2361,390)  (2407,390)  (2453,390)  (2499,390)  (2315,388)  (2361,344)  (2407,344)  (2453,344)  (2499,344)
Berlin  (523,2180)  (477,2225)  (477,2179)  (568,2226)  (523,2134)  (569,2134)  (569,2180)  (475,2133)  (499,2271)  (453,2271)  (431,2225)  (431,2179)  (614,2226)  (615,2117)  (615,2163)  (429,2133)  (407,2287)  (385,2241)  (660,2209)  (660,2255)  (661,2131)  (362,2336)  (361,2290)  (339,2244)  (706,2177)  (706,2223)  (316,2346)  (752,2176)  (752,2222)
Tromso  (1338,106)  (1292,134)  (1292,88)  (1348,60)  (1384,106)  (1394,50)  (1258,42)  (1246,96)  (1347,14)  (1440,27)  (1212,50)  (1486,19)  (1166,85)  (1154,39)  (1135,131)  (1120,85)  (1555,72)  (1108,39)  (1585,26)  (1089,138)  (1074,92)  (1601,72)
Reval  (1504,1418)  (1458,1463)  (1458,1417)  (1549,1464)  (1504,1372)  (1550,1372)  (1550,1418)  (1456,1371)  (1412,1470)  (1412,1424)  (1410,1378)  (1503,1489)  (1552,1324)
Plunge  (1367,1781)  (1321,1812)  (1321,1766)  (1367,1735)  (1413,1766)  (1413,1812)  (1305,1720)  (1275,1809)  (1351,1689)  (1459,1793)  (1459,1839)  (1259,1763)  (1259,1717)  (1305,1674)  (1256,1671)  (1505,1800)  (1505,1846)  (1302,1628)  (1551,1803)  (1551,1849)  (1597,1829)
Vologda  (2281,1149)  (2235,1194)  (2235,1148)  (2326,1195)  (2281,1103)  (2327,1103)  (2327,1149)  (2233,1102)  (2280,1240)  (2234,1240)  (2189,1194)  (2189,1148)  (2372,1195)  (2372,1241)  (2326,1241)  (2188,1241)  (2279,1057)  (2325,1057)  (2371,1057)  (2373,1103)  (2373,1149)  (2187,1102)  (2187,1056)  (2233,1056)  (2417,1013)  (2280,1286)  (2234,1286)  (2143,1195)  (2143,1149)  (2418,1195)  (2418,1241)  (2418,1287)  (2372,1287)  (2326,1287)  (2188,1287)  (2142,1287)  (2142,1241)  (2279,1011)  (2325,1011)  (2371,1011)  (2419,1059)  (2419,1105)  (2141,1103)  (2141,1057)  (2141,1011)  (2187,1010)  (2233,1010)  (2463,969)  (2097,1195)  (2097,1149)  (2464,1151)  (2464,1197)  (2464,1243)  (2464,1289)  (2096,1307)  (2096,1261)  (2465,1015)  (2465,1061)  (2509,969)  (2051,1215)  (2051,1169)  (2510,1107)  (2510,1153)  (2510,1199)  (2510,1245)  (2510,1291)  (2050,1307)  (2050,1261)  (2511,1015)  (2511,1061)
Skagerrak  (281,1325)  (235,1370)  (235,1324)  (287,1279)  (327,1325)  (333,1273)  (189,1408)  (189,1362)  (373,1319)  (379,1237)
Stavanger  (199,1193)  (153,1238)  (153,1192)  (233,1239)  (208,1147)  (245,1193)  (254,1138)  (107,1222)  (107,1176)  (291,1212)
Kursk  (2408,2333)  (2362,2378)  (2362,2332)  (2453,2379)  (2408,2287)  (2454,2287)  (2454,2333)  (2360,2286)  (2407,2424)  (2316,2345)  (2499,2379)  (2499,2425)  (2453,2425)  (2406,2241)  (2452,2241)  (2498,2241)  (2500,2287)  (2500,2333)  (2314,2299)  (2342,2240)  (2407,2470)  (2513,2471)  (2467,2471)  (2268,2311)  (2268,2265)  (2222,2283)  (2176,2262)
Schleswig  (138,1734)  (185,1734)  (119,1781)  (167,1782)  (118,1829)  (164,1830)  (164,1878)  (211,1867)  (259,1866)  (189,1925)  (236,1915)  (233,1962)
Vilna  (1674,1983)  (1628,2028)  (1628,1982)  (1719,2029)  (1674,1937)  (1720,1937)  (1720,1983)  (1626,1936)  (1582,2051)  (1582,2005)  (1672,1891)  (1718,1891)  (1764,1891)  (1766,1937)  (1766,1983)  (1580,1959)  (1536,2052)  (1536,2006)  (1651,1845)  (1697,1845)  (1743,1845)  (1534,1960)  (1646,1799)  (1692,1799)  (1672,2036)  (1716,2076)
Kolberg  (825,2041)  (779,2086)  (779,2040)  (870,2087)  (825,1995)  (871,2013)  (777,1994)  (733,2099)  (733,2053)  (916,2059)  (916,2105)  (731,2007)  (731,1961)  (823,2125)  (919,2011)
Ostersund  (893,537)  (847,582)  (847,536)  (938,583)  (893,491)  (939,491)  (939,537)  (892,628)  (846,628)  (800,629)  (886,445)  (932,445)  (978,445)  (985,491)  (985,537)  (857,674)  (811,675)  (1031,454)
Moskva  (2348,1823)  (2302,1868)  (2302,1822)  (2393,1869)  (2348,1777)  (2394,1777)  (2394,1823)  (2300,1776)  (2347,1914)  (2301,1914)  (2256,1868)  (2256,1822)  (2439,1869)  (2439,1915)  (2393,1915)  (2255,1915)  (2346,1731)  (2392,1731)  (2438,1731)  (2440,1777)  (2440,1823)  (2254,1776)  (2254,1730)  (2300,1730)  (2484,1687)  (2347,1960)  (2301,1960)  (2210,1869)  (2210,1823)  (2485,1869)  (2485,1915)  (2485,1961)  (2439,1961)  (2393,1961)  (2255,1961)  (2209,1942)  (2346,1685)  (2392,1685)  (2438,1685)  (2486,1733)  (2486,1779)  (2208,1777)  (2208,1731)  (2208,1685)  (2254,1684)  (2300,1684)  (2162,1814)  (2162,1768)  (2162,1722)  (2162,1676)
Koningsberg  (1320,1988)  (1274,2033)  (1274,1987)  (1365,2034)  (1320,1942)  (1366,1942)  (1366,1988)  (1272,1941)  (1228,2057)  (1411,2034)  (1318,1896)  (1364,1896)  (1412,1899)  (1412,1945)  (1251,1895)  (1182,2044)  (1458,1932)  (1180,1998)  (1321,2059)  (1455,1981)
North Sea  (49,1377)  (3,1422)  (3,1376)  (94,1423)  (49,1331)  (95,1331)  (95,1377)  (1,1330)  (48,1468)  (2,1468)  (113,1469)  (47,1285)  (0,1284)  (67,1514)  (21,1514)  (46,1239)  (0,1238)  (75,1560)  (29,1560)  (0,1192)
Narvik  (832,373)  (786,418)  (837,327)  (883,322)  (800,464)  (754,464)  (864,276)  (910,276)  (708,473)  (1010,181)
Minsk  (1681,2182)  (1635,2227)  (1635,2181)  (1726,2228)  (1681,2136)  (1727,2136)  (1727,2182)  (1633,2135)  (1589,2261)  (1589,2215)  (1772,2228)  (1773,2106)  (1773,2152)  (1587,2169)  (1587,2123)  (1543,2261)  (1818,2198)  (1818,2244)  (1678,2258)
Eastern Baltic Sea  (1174,1361)  (1128,1406)  (1128,1360)  (1202,1407)  (1174,1315)  (1220,1315)  (1220,1361)  (1126,1314)  (1156,1452)  (1110,1452)  (1082,1406)  (1216,1453)  (1172,1269)  (1218,1269)  (1266,1304)  (1064,1470)  (1306,1350)
Atlantic Ocean  (257,431)  (211,476)  (211,430)  (302,477)  (257,385)  (303,385)  (303,431)  (209,384)  (256,522)  (210,522)  (165,476)  (165,430)  (348,477)  (348,523)  (302,523)  (164,523)  (255,339)  (301,339)  (347,339)  (349,385)  (349,431)  (163,384)  (163,338)  (209,338)  (393,295)  (256,568)  (210,568)  (119,477)  (119,431)  (394,477)  (394,523)  (394,569)  (348,569)  (302,569)  (164,569)  (118,569)  (118,523)  (255,293)  (301,293)  (347,293)  (395,341)  (395,387)  (117,385)  (117,339)  (117,293)  (163,292)  (209,292)  (393,249)  (439,249)  (439,295)  (256,614)  (210,614)  (73,477)  (73,431)  (440,433)  (440,479)  (440,525)  (321,615)  (164,615)  (118,615)  (72,615)  (72,569)  (72,523)  (72,247)  (255,247)  (301,247)  (347,247)  (441,341)  (441,387)  (71,385)  (71,339)  (71,293)  (118,246)  (164,246)  (393,203)  (439,203)  (485,203)  (485,249)  (485,295)  (27,477)  (27,431)  (486,433)  (486,479)  (486,525)  (188,661)  (142,661)  (96,661)  (50,661)  (26,615)  (26,569)  (26,523)  (26,247)  (26,201)  (72,201)  (210,201)  (256,201)  (302,201)  (487,341)  (487,387)  (25,385)  (25,339)  (25,293)  (118,200)  (164,200)  (4,661)  (348,157)  (394,157)  (440,157)  (486,157)  (531,203)  (531,249)  (531,295)  (532,156)  (532,433)  (532,479)  (532,525)  (0,155)  (46,155)  (210,155)  (256,155)  (302,155)  (533,341)  (533,387)  (92,154)  (138,154)  (348,111)  (394,111)  (440,111)  (486,111)  (577,202)  (577,248)  (577,294)  (532,110)  (578,110)  (578,156)  (578,433)  (578,479)  (0,109)  (46,109)  (184,109)  (230,109)  (276,109)  (579,340)  (579,386)  (92,108)  (138,108)  (322,65)  (368,65)  (414,65)  (460,65)  (623,202)  (623,248)  (623,294)  (506,64)  (552,64)  (598,64)  (624,110)  (624,156)  (0,63)  (46,63)  (184,63)  (230,63)  (276,63)  (625,340)  (625,386)  (92,62)  (138,62)  (644,44)  (322,19)  (368,19)  (414,19)  (460,19)  (669,202)  (669,248)  (669,294)  (506,18)  (552,18)  (598,18)  (670,90)  (670,136)  (0,17)  (46,17)  (184,17)  (230,17)  (276,17)  (671,340)  (671,386)  (92,16)  (138,16)  (715,182)  (715,228)  (715,274)  (717,320)  (717,366)  (761,210)  (761,256)  (763,302)
Kemi  (1424,364)  (1378,409)  (1378,363)  (1469,410)  (1424,318)  (1470,318)  (1470,364)  (1376,317)  (1423,455)  (1377,455)  (1515,410)  (1515,456)  (1469,456)  (1422,272)  (1468,272)  (1514,272)  (1516,318)  (1516,364)  (1330,335)  (1330,289)  (1376,271)  (1302,243)  (1560,228)  (1561,410)  (1561,456)  (1422,226)  (1468,226)  (1514,226)  (1562,274)  (1562,320)  (1348,225)  (1256,212)  (1302,197)  (1560,182)  (1607,366)  (1607,412)  (1607,458)  (1441,180)  (1487,180)  (1225,166)  (1533,136)  (1464,134)
Aarhus  (212,1558)  (166,1603)  (166,1557)  (257,1604)  (212,1512)  (258,1512)  (258,1558)  (164,1511)  (211,1649)  (165,1649)  (119,1638)  (210,1466)  (256,1466)  (302,1466)  (304,1512)  (310,1420)
Ladoga  (1944,984)  (1898,1029)  (1898,983)  (1989,1030)  (1944,938)  (1990,938)  (1990,984)  (1896,937)  (1943,1075)  (1852,1003)  (2035,1030)  (2035,1076)  (1989,1076)  (2036,948)  (1850,957)  (1850,911)  (1896,891)  (1943,1121)  (1804,971)  (1804,925)
Novogorod  (2285,1459)  (2239,1504)  (2239,1458)  (2330,1505)  (2285,1413)  (2331,1413)  (2331,1459)  (2237,1412)  (2284,1550)  (2238,1550)  (2193,1504)  (2193,1458)  (2376,1505)  (2376,1551)  (2330,1551)  (2192,1551)  (2283,1367)  (2329,1367)  (2375,1367)  (2377,1413)  (2377,1459)  (2191,1412)  (2191,1366)  (2237,1366)  (2421,1353)  (2284,1596)  (2238,1596)  (2147,1505)  (2147,1459)  (2422,1505)  (2422,1551)  (2422,1597)  (2376,1597)  (2330,1597)  (2192,1597)  (2146,1597)  (2146,1551)  (2423,1399)  (2423,1445)  (2145,1413)  (2145,1367)  (2467,1353)  (2101,1505)  (2101,1459)  (2468,1491)  (2468,1537)  (2468,1583)  (2100,1608)  (2100,1562)  (2469,1399)  (2469,1445)  (2099,1413)  (2099,1367)  (2053,1424)  (2053,1378)
Visby  (958,1557)  (912,1595)  (966,1603)  (942,1511)  (988,1511)  (940,1651)  (1000,1463)  (1006,1560)
Kobenhavn  (354,1647)  (402,1634)  (401,1682)  (353,1695)  (389,1743)  (380,1791)  (332,1793)  (287,1755)  (271,1709)
Gulf of Finland  (1542,1268)  (1496,1291)  (1553,1222)  (1588,1268)  (1599,1220)  (1450,1300)  (1634,1266)  (1404,1313)
Deutsche Bucht  (37,1756)  (69,1802)  (23,1802)  (0,1710)  (46,1710)  (70,1848)  (24,1848)  (0,1664)  (46,1664)  (22,1894)
Kalmar  (727,1486)  (681,1531)  (732,1532)  (719,1440)  (765,1440)  (686,1577)  (745,1394)  (791,1394)  (679,1482)  (636,1565)
Rostock  (350,2004)  (304,2009)  (304,1963)  (395,2050)  (350,1958)  (396,1958)  (396,2004)  (441,2054)  (346,2051)  (420,1911)  (372,1911)
Oulu  (1531,614)  (1485,659)  (1485,613)  (1576,660)  (1531,568)  (1577,568)  (1577,614)  (1483,567)  (1530,705)  (1484,705)  (1439,659)  (1622,660)  (1438,705)  (1529,522)  (1575,522)  (1621,522)  (1623,568)  (1623,614)  (1393,659)  (1668,685)  (1392,705)
Warszawa  (1356,2179)  (1310,2224)  (1310,2178)  (1401,2225)  (1356,2133)  (1402,2133)  (1402,2179)  (1308,2132)  (1264,2261)  (1264,2215)  (1447,2225)  (1448,2102)  (1448,2148)  (1262,2169)  (1262,2123)  (1218,2261)  (1218,2215)  (1494,2101)  (1494,2147)  (1216,2169)  (1216,2123)  (1357,2258)  (1491,2195)
Norwegian Sea  (36,851)  (64,897)  (18,897)  (0,805)  (46,805)  (82,851)  (92,795)  (42,943)  (0,759)  (46,759)  (92,749)  (138,749)  (138,795)  (30,989)  (0,713)  (46,713)  (19,1035)  (19,1081)  (18,1127)
Hamburg  (96,1917)  (143,1958)  (159,2006)  (207,2006)  (166,2054)  (214,2054)  (261,2055)  (166,2101)  (213,2101)  (262,2102)  (309,2101)  (190,2149)  (236,2149)  (284,2149)  (332,2148)
Stralsund  (532,1978)  (486,2007)  (486,1961)  (577,2024)  (532,1932)  (578,1932)  (578,1978)  (623,2024)  (624,1978)  (669,2024)  (483,1914)  (545,1883)  (532,2024)  (640,2064)
Kattegat  (425,1513)  (379,1558)  (401,1467)  (383,1421)  (387,1375)  (309,1662)
Oresund  (463,1803)  (417,1848)  (508,1849)  (441,1757)  (509,1766)  (371,1871)  (554,1812)  (555,1766)  (589,1713)  (598,1858)  (325,1885)  (600,1812)  (601,1759)  (313,1839)
Riga  (1525,1643)  (1479,1688)  (1479,1642)  (1570,1689)  (1525,1597)  (1571,1597)  (1571,1643)  (1477,1596)  (1524,1734)  (1478,1734)  (1595,1735)  (1523,1551)  (1569,1551)  (1468,1550)  (1615,1549)
Halle  (434,2427)  (388,2472)  (388,2426)  (479,2473)  (434,2381)  (480,2381)  (480,2427)  (342,2513)  (342,2467)  (342,2421)  (525,2473)  (450,2335)  (496,2335)  (526,2381)  (526,2427)  (542,2330)  (296,2513)  (296,2467)  (296,2421)  (250,2513)  (250,2467)  (250,2421)  (430,2510)
Pinsk  (1704,2389)  (1658,2434)  (1658,2388)  (1749,2435)  (1704,2343)  (1750,2343)  (1750,2389)  (1656,2342)  (1703,2480)  (1657,2480)  (1612,2434)  (1612,2388)  (1795,2435)  (1795,2481)  (1749,2481)  (1611,2481)  (1796,2307)  (1796,2353)  (1610,2342)  (1566,2435)  (1842,2326)  (1842,2372)
Barents Sea  (1930,12)  (1884,0)  (1976,0)  (1976,46)  (1838,0)  (2022,0)  (2022,46)  (1792,0)  (2068,0)  (2068,46)  (2074,92)  (2114,0)  (2114,46)  (2120,92)  (2160,0)  (2160,46)  (2164,138)  (2166,92)  (2178,184)  (2206,0)  (2206,46)  (2210,138)  (2212,92)  (2224,184)  (2234,230)  (2252,0)  (2252,46)  (2256,138)  (2258,92)  (2270,184)  (2280,230)  (2298,0)  (2298,46)  (2302,138)  (2304,92)  (2316,184)  (2326,230)  (2326,276)  (2344,0)  (2344,46)  (2348,138)  (2350,92)  (2362,184)  (2372,230)  (2372,276)  (2390,0)  (2390,46)  (2394,138)  (2396,92)  (2408,184)  (2418,230)  (2418,276)  (2436,0)  (2436,46)  (2440,138)  (2442,92)  (2454,184)  (2464,230)  (2464,276)  (2482,0)  (2482,46)  (2486,138)  (2488,92)  (2500,184)  (2510,230)  (2510,276)  (944,101)  (941,148)  (898,102)  (895,188)  (852,142)  (849,189)  (816,17)  (794,63)  (770,17)  (748,69)  (724,23)
Western Baltic Sea  (922,1399)  (876,1444)  (876,1398)  (951,1445)  (942,1353)  (968,1399)  (988,1333)  (878,1490)  (986,1287)  (1032,1287)
White Sea  (2024,445)  (1978,490)  (1978,444)  (2070,418)  (2070,464)  (1980,536)  (1932,422)  (2116,448)  (2116,494)  (1998,582)  (1886,397)  (2162,506)  (2170,346)  (2065,615)  (2198,300)  (2244,304)
Helsingfors  (1356,1141)  (1310,1186)  (1310,1140)  (1401,1187)  (1356,1095)  (1402,1095)  (1402,1141)  (1308,1094)  (1355,1232)  (1309,1232)  (1264,1186)  (1264,1140)  (1447,1187)  (1354,1049)  (1400,1049)  (1446,1049)  (1448,1095)  (1448,1141)  (1262,1094)  (1262,1048)  (1308,1048)  (1493,1187)
Oslo  (456,1029)  (410,1060)  (410,1014)  (501,1075)  (456,983)  (502,983)  (502,1029)  (383,1106)  (364,1060)  (364,1014)  (526,1121)  (480,1121)  (548,981)  (548,1027)  (337,1147)  (388,1152)  (318,1101)  (493,1167)
Northern Gulf of Bothnia  (1282,659)  (1313,705)  (1267,705)  (1249,613)  (1295,613)  (1328,659)  (1341,600)  (1221,719)  (1261,567)  (1307,554)  (1353,554)  (1250,765)  (1204,765)  (1158,782)  (1220,811)  (1174,828)  (1128,828)  (1112,782)
Viborg  (1601,1063)  (1555,1108)  (1555,1062)  (1646,1109)  (1601,1017)  (1647,1017)  (1647,1063)  (1600,1154)  (1554,1154)  (1686,971)  (1693,1017)  (1693,1063)  (1732,964)  (1739,1010)
Kuopio  (1613,859)  (1567,904)  (1567,858)  (1658,905)  (1613,813)  (1659,813)  (1659,859)  (1565,812)  (1572,950)  (1526,950)  (1521,904)  (1521,858)  (1611,767)  (1657,767)  (1703,767)  (1705,813)  (1705,859)  (1519,812)  (1519,766)  (1565,766)
Dresden  (719,2385)  (673,2430)  (673,2384)  (764,2431)  (719,2339)  (765,2339)  (765,2385)  (671,2338)  (718,2476)  (672,2476)  (627,2430)  (627,2384)  (810,2431)  (810,2477)  (764,2477)  (626,2477)  (811,2331)  (811,2377)  (625,2338)  (856,2423)  (856,2469)  (894,2507)
Borgholm  (816,1532)  (800,1579)  (771,1626)  (752,1674)
Radom  (1363,2392)  (1317,2437)  (1317,2391)  (1408,2438)  (1363,2346)  (1409,2346)  (1409,2392)  (1315,2345)  (1362,2483)  (1316,2483)  (1271,2437)  (1271,2391)  (1454,2438)  (1454,2484)  (1408,2484)  (1270,2484)  (1455,2307)  (1455,2353)  (1269,2345)  (1225,2438)  (1225,2392)  (1500,2399)  (1500,2445)  (1500,2491)  (1224,2513)  (1501,2307)  (1501,2353)  (1223,2346)
St. Petersburg  (1856,1252)  (1810,1292)  (1810,1246)  (1901,1298)  (1856,1206)  (1902,1206)  (1902,1252)  (1803,1200)  (1764,1282)  (1947,1298)  (1849,1160)  (1948,1216)  (1757,1193)  (1803,1154)  (1750,1147)  (1718,1270)  (1849,1114)  (1796,1108)  (1704,1184)  (1784,1062)
Luleaa  (1134,365)  (1088,410)  (1088,364)  (1179,411)  (1134,319)  (1180,319)  (1180,365)  (1086,318)  (1042,394)  (1225,411)  (1225,457)  (1132,273)  (1178,273)  (1224,273)  (1226,319)  (1226,365)  (1040,348)  (1040,302)  (1086,272)  (1024,256)  (1271,411)  (1271,457)  (1132,227)  (1272,339)  (994,376)  (994,330)  (1070,226)  (948,358)
Gulf of Riga  (1140,1600)  (1094,1645)  (1094,1599)  (1185,1646)  (1140,1554)  (1186,1554)  (1186,1600)  (1092,1553)  (1139,1691)  (1048,1656)  (1232,1532)  (1278,1557)  (1324,1536)  (1362,1582)  (1370,1532)  (1396,1628)
Umeaa  (1040,653)  (994,698)  (994,652)  (1085,699)  (1040,607)  (1086,607)  (1086,653)  (1039,744)  (993,744)  (948,698)  (947,745)  (1051,561)  (1097,561)  (1132,607)  (1132,653)  (1143,550)  (1008,790)  (901,742)  (1093,515)  (1178,596)  (1178,642)  (1139,504)  (1189,516)
Uddevalla  (498,1317)  (543,1363)  (497,1363)  (460,1271)  (506,1271)  (544,1317)  (488,1409)  (538,1225)  (449,1319)  (451,1366)
Ryazan  (2283,2106)  (2237,2151)  (2237,2105)  (2328,2152)  (2283,2060)  (2329,2060)  (2329,2106)  (2235,2059)  (2282,2197)  (2236,2197)  (2191,2151)  (2191,2105)  (2374,2152)  (2190,2198)  (2281,2014)  (2327,2014)  (2373,2014)  (2375,2060)  (2375,2106)  (2189,2059)  (2189,2013)  (2235,2013)  (2419,2010)  (2145,2152)  (2145,2106)  (2420,2152)  (2144,2201)  (2421,2056)  (2421,2102)  (2143,2060)  (2143,2014)  (2465,2010)  (2466,2148)  (2467,2056)  (2467,2102)  (2511,2010)  (2512,2148)  (2513,2056)  (2513,2102)
Poznan  (954,2307)  (908,2352)  (908,2306)  (999,2353)  (954,2261)  (1000,2266)  (906,2260)  (953,2398)  (1045,2383)  (999,2399)  (952,2215)  (860,2286)  (860,2240)  (906,2214)  (840,2194)  (1075,2429)  (953,2444)  (1029,2445)  (814,2267)  (1121,2409)  (1121,2455)  (1075,2475)  (983,2490)  (1029,2491)  (1147,2501)
Murmansk  (1905,207)  (1859,252)  (1859,206)  (1950,253)  (1905,161)  (1951,161)  (1951,207)  (1857,160)  (1904,298)  (1858,298)  (1813,252)  (1813,206)  (1996,253)  (1996,299)  (1950,299)  (1812,299)  (1903,115)  (1949,115)  (1995,115)  (1997,161)  (1997,207)  (1811,160)  (1811,114)  (1857,114)  (1767,253)  (1767,207)  (2042,253)  (2042,299)  (2042,345)  (1996,345)  (1950,345)  (2043,146)  (2043,192)  (1765,161)  (1765,115)  (1765,69)  (1811,68)  (1857,68)  (1754,357)  (1725,311)  (1721,265)  (1721,219)  (2088,238)  (2088,284)  (2088,330)  (2089,170)  (1719,173)  (1719,127)  (1719,81)  (1792,403)  (1746,403)  (1708,357)  (1700,411)  (1679,311)  (1675,265)  (1675,219)  (2134,232)  (1673,173)  (1673,127)  (1860,444)  (1814,449)  (1768,449)  (1722,457)  (1629,261)  (1627,215)  (1627,169)  (1891,490)  (1845,495)  (1799,495)  (1753,503)  (1707,503)
Gdansk  (1065,2162)  (1019,2190)  (1019,2144)  (1110,2208)  (1065,2116)  (1111,2116)  (1111,2162)  (1000,2098)  (1064,2236)  (1156,2208)  (1156,2254)  (1110,2254)  (1157,2096)  (1157,2142)  (1004,2052)  (1164,2300)  (1118,2300)  (1164,2346)  (1118,2346)
Kiyv  (1962,2175)  (1916,2220)  (1916,2174)  (2007,2221)  (1962,2129)  (2008,2129)  (2008,2175)  (1914,2128)  (1961,2266)  (1915,2266)  (1870,2175)  (2053,2221)  (2053,2267)  (2007,2267)  (1960,2083)  (2006,2083)  (2052,2083)  (2054,2129)  (2054,2175)  (1868,2129)  (1868,2083)  (1914,2082)  (1961,2312)  (1915,2312)  (2029,2313)  (1845,2037)  (1960,2037)  (2006,2037)  (1891,2036)  (1983,2358)  (1937,2358)  (1963,2404)  (1917,2404)  (1962,2450)  (1916,2450)  (1960,2496)  (1914,2496)
Bergen  (282,927)  (236,972)  (236,926)  (302,973)  (314,881)  (328,927)  (224,880)  (360,849)  (256,1018)  (210,1018)  (374,895)  (311,831)  (178,868)  (164,1044)  (265,807)  (357,803)  (406,819)  (213,791)  (226,1064)  (311,785)  (180,1090)  (357,757)  (298,739)
Poltava  (2131,2418)  (2085,2463)  (2085,2417)  (2176,2464)  (2131,2372)  (2177,2372)  (2177,2418)  (2083,2371)  (2130,2509)  (2084,2509)  (2039,2463)  (2039,2417)  (2222,2464)  (2222,2510)  (2176,2510)  (2038,2510)  (2129,2326)  (2223,2357)  (2223,2403)  (2268,2449)  (2268,2495)  (2269,2389)  (2314,2461)  (2314,2507)
Smolensk  (1965,1863)  (1919,1908)  (1919,1862)  (2010,1909)  (1965,1817)  (2011,1817)  (2011,1863)  (1917,1816)  (1964,1954)  (1918,1954)  (1873,1908)  (1873,1862)  (2056,1909)  (2056,1955)  (2010,1955)  (1872,1955)  (1963,1771)  (2009,1771)  (2055,1771)  (2057,1817)  (2057,1863)  (1871,1816)  (1827,1886)  (2102,1909)  (2102,1955)  (2028,1725)  (2074,1725)  (2103,1822)  (1825,1840)  (2148,1945)  (2048,1679)
Karlstad  (712,994)  (666,1039)  (666,993)  (757,1040)  (712,948)  (758,948)  (758,994)  (664,947)  (711,1085)  (665,1085)  (620,1039)  (620,993)  (776,1086)  (619,1086)  (710,902)  (756,902)  (664,874)  (714,1131)  (668,1131)  (622,1132)  (710,856)  (756,856)  (661,828)  (707,810)  (753,810)  (799,782)  (698,764)  (744,764)
Vasa  (1361,893)  (1315,938)  (1315,892)  (1406,939)  (1361,847)  (1407,847)  (1407,893)  (1313,846)  (1360,984)  (1314,984)  (1269,938)  (1269,892)  (1452,939)  (1268,985)  (1359,801)  (1405,801)  (1451,801)  (1303,800)  (1357,755)  (1403,755)  (1449,755)